0    0
0    0
1    0
1    16
1    0
2    32
2    0
2    480
3    720
3    0
3    48
4    0
4    960
4    0
5    0
5    1200
6    1440
6    0
6    96
7    112
7    0
8    1920
8    0
9    0
9    2160
10    2400
10    0
10    160
11    0
11    2640
12    2880
12    0
12    192
13    208
13    0
13    3120
14    3360
14    0
14    224
15    240
15    0
15    3600
16    240
16    0
16    16
17    0
17    0
17    32
18    16
18    0
18    48
19    96
19    32
19    0
20    80
20    128
20    48
21    96
21    160
22    192
22    80
22    0
23    0
23    128
24    144
24    256
24    112
25    160
25    288
25    128
26    144
26    0
26    176
27    192
27    352
27    160
28    176
28    0
28    208
29    192
29    0
29    224
30    448
30    208
30    0
31    0
31    0
31    480
32    32
32    0
32    480
33    64
33    48
33    0
34    96
34    32
35    48
35    128
36    96
36    64
36    160
37    240
37    128
38    96
38    224
39    336
39    192
39    112
40    128
40    288
40    384
41    256
41    144
41    320
42    352
42    480
42    288
43    528
43    320
43    176
44    416
44    576
45    448
45    624
45    384
46    672
46    416
46    224
47    240
47    0
47    720
48    0
48    48
48    0
49    0
49    32
50    64
50    144
50    128
51    96
51    96
51    192
52    256
52    144
53    160
53    288
53    320
54    336
54    384
54    240
55    448
55    288
55    224
56    256
56    432
56    512
57    576
57    384
58    320
58    528
58    640
59    480
59    352
59    576
60    768
60    528
60    384
61    416
61    672
61    832
62    624
62    448
62    720
63    672
63    480
64    0
64    960
64    0
65    128
65    80
66    160
66    64
66    96
67    256
67    240
68    320
68    192
68    192
69    256
69    240
69    384
70    320
70    288
71    336
71    512
72    448
72    384
73    512
73    432
73    640
74    800
74    576
74    480
75    768
75    880
76    704
76    576
77    624
77    896
78    960
78    1120
78    832
79    0
79    1200
79    896
80    0
80    80
80    0
81    0
81    64
81    160
82    80
82    128
82    240
83    288
83    160
83    192
84    256
84    400
85    480
85    480
85    320
86    560
86    576
86    400
87    640
87    672
87    480
88    768
88    560
89    800
89    864
90    720
90    640
91    1056
91    800
91    704
92    1040
92    1152
93    1248
93    960
94    896
94    1200
95    1440
95    1120
95    960
96    0
96    1440
96    0
97    192
97    112
98    288
98    224
98    96
99    192
99    240
99    384
100    480
100    448
100    288
101    560
101    384
101    400
102    480
102    672
103    560
103    768
103    784
104    640
104    864
104    896
105    768
105    720
105    960
106    1056
106    1120
106    864
107    960
107    880
108    960
108    1248
109    1456
109    1152
109    1040
110    1120
110    1440
110    1568
111    1344
111    1200
111    0
112    1680
112    0
112    112
113    96
113    224
113    128
114    112
114    192
114    336
115    448
115    384
115    224
116    336
116    384
116    560
117    448
117    480
117    672
118    784
118    768
118    560
119    896
119    672
119    672
120    768
120    1008
121    1152
121    896
122    960
122    1232
123    1344
123    1408
123    1120
124    1456
124    1536
124    1232
125    1344
125    1248
126    1344
126    1680
126    1792
127    0
127    1920
127    1568
128    128
128    0
129    144
129    0
129    112
130    384
130    288
131    256
131    336
131    512
132    640
132    576
132    384
133    768
133    720
133    512
134    640
134    672
134    896
135    768
135    784
136    1152
136    1152
137    1024
137    1008
137    1280
138    1408
138    1440
138    1152
139    1280
139    1232
140    1344
140    1664
140    1728
141    1872
141    1536
142    1568
142    1920
142    2016
143    1792
143    1680
144    0
144    144
144    0
145    160
145    0
145    128
146    256
146    432
146    320
147    288
147    384
147    576
148    640
148    432
148    512
149    640
149    864
149    800
150    960
150    720
151    1120
151    864
152    1024
152    1296
152    1280
153    1440
153    1152
154    1280
154    1584
155    1760
155    1440
156    1536
156    1872
156    1920
157    2080
157    1728
157    1664
158    1792
158    2160
158    2240
159    2400
159    2016
160    2400
160    0
161    144
161    320
162    160
162    288
162    480
163    640
163    528
163    320
164    480
164    576
164    800
165    880
165    640
165    720
166    1056
166    800
166    864
167    1008
167    1280
168    1408
168    1120
168    1152
169    1296
169    1600
169    1584
170    1760
170    1440
171    1584
171    1920
171    1936
172    1760
172    1728
173    1872
173    2240
173    2288
174    2464
174    2080
175    2240
175    2160
175    0
176    176
176    0
176    2640
177    352
177    192
177    0
178    528
178    384
178    176
179    352
179    480
179    704
180    768
180    528
181    800
181    1056
182    1152
182    880
182    960
183    1408
183    1344
184    1536
184    1232
184    1280
185    1440
185    1760
186    1920
186    1584
186    1600
187    1760
187    2112
187    2112
188    2288
188    2304
188    1936
189    2112
189    2080
189    2464
190    2688
190    2288
190    2240
191    0
191    2880
192    0
192    192
193    208
193    0
193    176
194    352
194    576
194    416
195    768
195    624
195    384
196    832
196    576
196    704
197    1152
197    1040
198    960
198    1056
198    1344
199    1456
199    1152
199    1232
200    1408
200    1728
201    1920
201    1872
201    1536
202    1728
202    1760
202    2112
203    1920
203    1936
204    2112
204    2496
204    2496
205    2688
205    2704
205    2304
206    2496
206    2464
206    2880
207    3120
207    2688
207    2640
208    0
208    3120
209    0
209    192
210    384
210    624
210    448
211    672
211    416
211    576
212    768
212    1040
213    832
213    960
213    1248
214    1456
214    1344
214    1040
215    1248
215    1344
215    1664
216    1872
216    1792
216    1456
217    2016
217    1664
217    1728
218    2288
218    2240
219    2496
219    2464
219    2080
220    2704
220    2688
220    2288
221    2912
221    2912
221    2496
222    3136
222    2704
223    2880
223    0
224    0
224    224
224    0
225    448
225    240
225    0
226    224
226    416
227    624
227    896
228    1120
228    960
228    672
229    1200
229    896
230    1248
230    1568
231    1792
231    1680
231    1344
232    1568
232    1664
232    2016
233    1792
233    1872
233    2240
234    2400
234    2016
234    2080
235    2288
235    2688
235    2640
236    2464
236    2496
236    2912
237    2688
237    2704
238    2912
238    3360
238    3360
239    3600
239    3136
240    3600
240    0
240    240
241    0
241    224
241    480
242    0
242    240
243    960
243    0
244    0
244    720
244    896
245    1120
245    1440
245    0
246    1680
246    0
246    1200
247    1440
247    1568
247    1920
248    2160
248    0
248    1680
249    0
249    1920
250    2240
250    2640
250    0
251    0
251    2400
251    2464
252    3120
252    0
253    3360
253    0
253    2880
254    0
254    3120
254    3136
255    3360
255    0
255    0
